(kicad_pcb (version 20171130) (host pcbnew "(5.0.1-3-g963ef8bb5)")

  (general
    (thickness 1.6)
    (drawings 16)
    (tracks 207)
    (zones 0)
    (modules 50)
    (nets 54)
  )

  (page A4)
  (layers
    (0 F.Cu signal)
    (31 B.Cu signal)
    (32 B.Adhes user)
    (33 F.Adhes user)
    (34 B.Paste user)
    (35 F.Paste user)
    (36 B.SilkS user)
    (37 F.SilkS user)
    (38 B.Mask user)
    (39 F.Mask user)
    (40 Dwgs.User user)
    (41 Cmts.User user)
    (42 Eco1.User user)
    (43 Eco2.User user)
    (44 Edge.Cuts user)
    (45 Margin user)
    (46 B.CrtYd user hide)
    (47 F.CrtYd user)
    (48 B.Fab user)
    (49 F.Fab user)
  )

  (setup
    (last_trace_width 0.25)
    (trace_clearance 0.2)
    (zone_clearance 0.508)
    (zone_45_only no)
    (trace_min 0.2)
    (segment_width 0.2)
    (edge_width 0.15)
    (via_size 0.8)
    (via_drill 0.4)
    (via_min_size 0.4)
    (via_min_drill 0.3)
    (uvia_size 0.3)
    (uvia_drill 0.1)
    (uvias_allowed no)
    (uvia_min_size 0.2)
    (uvia_min_drill 0.1)
    (pcb_text_width 0.3)
    (pcb_text_size 1.5 1.5)
    (mod_edge_width 0.15)
    (mod_text_size 1 1)
    (mod_text_width 0.15)
    (pad_size 3.2 3.2)
    (pad_drill 3.2)
    (pad_to_mask_clearance 0.051)
    (solder_mask_min_width 0.25)
    (aux_axis_origin 0 0)
    (grid_origin 100 140)
    (visible_elements FFFDFF7F)
    (pcbplotparams
      (layerselection 0x010fc_ffffffff)
      (usegerberextensions false)
      (usegerberattributes false)
      (usegerberadvancedattributes false)
      (creategerberjobfile false)
      (excludeedgelayer true)
      (linewidth 0.100000)
      (plotframeref false)
      (viasonmask false)
      (mode 1)
      (useauxorigin false)
      (hpglpennumber 1)
      (hpglpenspeed 20)
      (hpglpendiameter 15.000000)
      (psnegative false)
      (psa4output false)
      (plotreference true)
      (plotvalue false)
      (plotinvisibletext false)
      (padsonsilk false)
      (subtractmaskfromsilk false)
      (outputformat 1)
      (mirror false)
      (drillshape 0)
      (scaleselection 1)
      (outputdirectory ""))
  )

  (net 0 "")
  (net 1 SW1)
  (net 2 GND)
  (net 3 +3V3)
  (net 4 "Net-(R11-Pad1)")
  (net 5 SW2)
  (net 6 SW3)
  (net 7 SW4)
  (net 8 SW5)
  (net 9 SW6)
  (net 10 SW7)
  (net 11 LED1)
  (net 12 "Net-(R21-Pad1)")
  (net 13 LED2)
  (net 14 "Net-(R31-Pad1)")
  (net 15 LED3)
  (net 16 "Net-(R41-Pad1)")
  (net 17 LED4)
  (net 18 "Net-(R51-Pad1)")
  (net 19 LED5)
  (net 20 "Net-(R61-Pad1)")
  (net 21 LED6)
  (net 22 "Net-(R71-Pad1)")
  (net 23 LED7)
  (net 24 "Net-(SW10-Pad3)")
  (net 25 "Net-(SW20-Pad3)")
  (net 26 "Net-(SW30-Pad3)")
  (net 27 "Net-(SW40-Pad3)")
  (net 28 "Net-(SW50-Pad3)")
  (net 29 "Net-(SW60-Pad3)")
  (net 30 "Net-(SW70-Pad3)")
  (net 31 "Net-(SW10-Pad1)")
  (net 32 "Net-(SW20-Pad1)")
  (net 33 "Net-(SW30-Pad1)")
  (net 34 "Net-(SW40-Pad1)")
  (net 35 "Net-(SW50-Pad1)")
  (net 36 "Net-(SW60-Pad1)")
  (net 37 "Net-(SW70-Pad1)")
  (net 38 "Net-(J00-Pad1)")
  (net 39 "Net-(J00-Pad3)")
  (net 40 "Net-(J00-Pad15)")
  (net 41 "Net-(J00-Pad16)")
  (net 42 "Net-(J01-Pad1)")
  (net 43 "Net-(J01-Pad3)")
  (net 44 "Net-(J01-Pad2)")
  (net 45 "Net-(J01-Pad4)")
  (net 46 INT)
  (net 47 SCL)
  (net 48 SDA)
  (net 49 "Net-(U80-Pad1)")
  (net 50 "Net-(U80-Pad4)")
  (net 51 +BATT)
  (net 52 "Net-(D00-Pad1)")
  (net 53 "Net-(D00-Pad2)")

  (net_class Default "This is the default net class."
    (clearance 0.2)
    (trace_width 0.25)
    (via_dia 0.8)
    (via_drill 0.4)
    (uvia_dia 0.3)
    (uvia_drill 0.1)
    (add_net +BATT)
    (add_net INT)
    (add_net LED1)
    (add_net LED2)
    (add_net LED3)
    (add_net LED4)
    (add_net LED5)
    (add_net LED6)
    (add_net LED7)
    (add_net "Net-(D00-Pad1)")
    (add_net "Net-(D00-Pad2)")
    (add_net "Net-(J00-Pad1)")
    (add_net "Net-(J00-Pad15)")
    (add_net "Net-(J00-Pad16)")
    (add_net "Net-(J00-Pad3)")
    (add_net "Net-(J01-Pad1)")
    (add_net "Net-(J01-Pad2)")
    (add_net "Net-(J01-Pad3)")
    (add_net "Net-(J01-Pad4)")
    (add_net "Net-(R11-Pad1)")
    (add_net "Net-(R21-Pad1)")
    (add_net "Net-(R31-Pad1)")
    (add_net "Net-(R41-Pad1)")
    (add_net "Net-(R51-Pad1)")
    (add_net "Net-(R61-Pad1)")
    (add_net "Net-(R71-Pad1)")
    (add_net "Net-(SW10-Pad1)")
    (add_net "Net-(SW10-Pad3)")
    (add_net "Net-(SW20-Pad1)")
    (add_net "Net-(SW20-Pad3)")
    (add_net "Net-(SW30-Pad1)")
    (add_net "Net-(SW30-Pad3)")
    (add_net "Net-(SW40-Pad1)")
    (add_net "Net-(SW40-Pad3)")
    (add_net "Net-(SW50-Pad1)")
    (add_net "Net-(SW50-Pad3)")
    (add_net "Net-(SW60-Pad1)")
    (add_net "Net-(SW60-Pad3)")
    (add_net "Net-(SW70-Pad1)")
    (add_net "Net-(SW70-Pad3)")
    (add_net "Net-(U80-Pad1)")
    (add_net "Net-(U80-Pad4)")
    (add_net SCL)
    (add_net SDA)
    (add_net SW1)
    (add_net SW2)
    (add_net SW3)
    (add_net SW4)
    (add_net SW5)
    (add_net SW6)
    (add_net SW7)
  )

  (net_class PWR ""
    (clearance 0.2)
    (trace_width 0.5)
    (via_dia 0.8)
    (via_drill 0.4)
    (uvia_dia 0.3)
    (uvia_drill 0.1)
    (add_net +3V3)
    (add_net GND)
  )

  (module Connector_PinHeader_2.54mm:PinHeader_1x16_P2.54mm_Vertical_SMD_Pin1Left (layer B.Cu) (tedit 59FED5CC) (tstamp 5D0CDD56)
    (at 79.855 138.33)
    (descr "surface-mounted straight pin header, 1x16, 2.54mm pitch, single row, style 1 (pin 1 left)")
    (tags "Surface mounted pin header SMD 1x16 2.54mm single row style1 pin1 left")
    (path /5CE73B0E)
    (attr smd)
    (fp_text reference J00 (at 0 21.38) (layer B.SilkS)
      (effects (font (size 1 1) (thickness 0.15)) (justify mirror))
    )
    (fp_text value Conn_01x16 (at 0 -21.38) (layer B.Fab)
      (effects (font (size 1 1) (thickness 0.15)) (justify mirror))
    )
    (fp_line (start 1.27 -20.32) (end -1.27 -20.32) (layer B.Fab) (width 0.1))
    (fp_line (start -0.32 20.32) (end 1.27 20.32) (layer B.Fab) (width 0.1))
    (fp_line (start -1.27 -20.32) (end -1.27 19.37) (layer B.Fab) (width 0.1))
    (fp_line (start -1.27 19.37) (end -0.32 20.32) (layer B.Fab) (width 0.1))
    (fp_line (start 1.27 20.32) (end 1.27 -20.32) (layer B.Fab) (width 0.1))
    (fp_line (start -1.27 19.37) (end -2.54 19.37) (layer B.Fab) (width 0.1))
    (fp_line (start -2.54 19.37) (end -2.54 18.73) (layer B.Fab) (width 0.1))
    (fp_line (start -2.54 18.73) (end -1.27 18.73) (layer B.Fab) (width 0.1))
    (fp_line (start -1.27 14.29) (end -2.54 14.29) (layer B.Fab) (width 0.1))
    (fp_line (start -2.54 14.29) (end -2.54 13.65) (layer B.Fab) (width 0.1))
    (fp_line (start -2.54 13.65) (end -1.27 13.65) (layer B.Fab) (width 0.1))
    (fp_line (start -1.27 9.21) (end -2.54 9.21) (layer B.Fab) (width 0.1))
    (fp_line (start -2.54 9.21) (end -2.54 8.57) (layer B.Fab) (width 0.1))
    (fp_line (start -2.54 8.57) (end -1.27 8.57) (layer B.Fab) (width 0.1))
    (fp_line (start -1.27 4.13) (end -2.54 4.13) (layer B.Fab) (width 0.1))
    (fp_line (start -2.54 4.13) (end -2.54 3.49) (layer B.Fab) (width 0.1))
    (fp_line (start -2.54 3.49) (end -1.27 3.49) (layer B.Fab) (width 0.1))
    (fp_line (start -1.27 -0.95) (end -2.54 -0.95) (layer B.Fab) (width 0.1))
    (fp_line (start -2.54 -0.95) (end -2.54 -1.59) (layer B.Fab) (width 0.1))
    (fp_line (start -2.54 -1.59) (end -1.27 -1.59) (layer B.Fab) (width 0.1))
    (fp_line (start -1.27 -6.03) (end -2.54 -6.03) (layer B.Fab) (width 0.1))
    (fp_line (start -2.54 -6.03) (end -2.54 -6.67) (layer B.Fab) (width 0.1))
    (fp_line (start -2.54 -6.67) (end -1.27 -6.67) (layer B.Fab) (width 0.1))
    (fp_line (start -1.27 -11.11) (end -2.54 -11.11) (layer B.Fab) (width 0.1))
    (fp_line (start -2.54 -11.11) (end -2.54 -11.75) (layer B.Fab) (width 0.1))
    (fp_line (start -2.54 -11.75) (end -1.27 -11.75) (layer B.Fab) (width 0.1))
    (fp_line (start -1.27 -16.19) (end -2.54 -16.19) (layer B.Fab) (width 0.1))
    (fp_line (start -2.54 -16.19) (end -2.54 -16.83) (layer B.Fab) (width 0.1))
    (fp_line (start -2.54 -16.83) (end -1.27 -16.83) (layer B.Fab) (width 0.1))
    (fp_line (start 1.27 16.83) (end 2.54 16.83) (layer B.Fab) (width 0.1))
    (fp_line (start 2.54 16.83) (end 2.54 16.19) (layer B.Fab) (width 0.1))
    (fp_line (start 2.54 16.19) (end 1.27 16.19) (layer B.Fab) (width 0.1))
    (fp_line (start 1.27 11.75) (end 2.54 11.75) (layer B.Fab) (width 0.1))
    (fp_line (start 2.54 11.75) (end 2.54 11.11) (layer B.Fab) (width 0.1))
    (fp_line (start 2.54 11.11) (end 1.27 11.11) (layer B.Fab) (width 0.1))
    (fp_line (start 1.27 6.67) (end 2.54 6.67) (layer B.Fab) (width 0.1))
    (fp_line (start 2.54 6.67) (end 2.54 6.03) (layer B.Fab) (width 0.1))
    (fp_line (start 2.54 6.03) (end 1.27 6.03) (layer B.Fab) (width 0.1))
    (fp_line (start 1.27 1.59) (end 2.54 1.59) (layer B.Fab) (width 0.1))
    (fp_line (start 2.54 1.59) (end 2.54 0.95) (layer B.Fab) (width 0.1))
    (fp_line (start 2.54 0.95) (end 1.27 0.95) (layer B.Fab) (width 0.1))
    (fp_line (start 1.27 -3.49) (end 2.54 -3.49) (layer B.Fab) (width 0.1))
    (fp_line (start 2.54 -3.49) (end 2.54 -4.13) (layer B.Fab) (width 0.1))
    (fp_line (start 2.54 -4.13) (end 1.27 -4.13) (layer B.Fab) (width 0.1))
    (fp_line (start 1.27 -8.57) (end 2.54 -8.57) (layer B.Fab) (width 0.1))
    (fp_line (start 2.54 -8.57) (end 2.54 -9.21) (layer B.Fab) (width 0.1))
    (fp_line (start 2.54 -9.21) (end 1.27 -9.21) (layer B.Fab) (width 0.1))
    (fp_line (start 1.27 -13.65) (end 2.54 -13.65) (layer B.Fab) (width 0.1))
    (fp_line (start 2.54 -13.65) (end 2.54 -14.29) (layer B.Fab) (width 0.1))
    (fp_line (start 2.54 -14.29) (end 1.27 -14.29) (layer B.Fab) (width 0.1))
    (fp_line (start 1.27 -18.73) (end 2.54 -18.73) (layer B.Fab) (width 0.1))
    (fp_line (start 2.54 -18.73) (end 2.54 -19.37) (layer B.Fab) (width 0.1))
    (fp_line (start 2.54 -19.37) (end 1.27 -19.37) (layer B.Fab) (width 0.1))
    (fp_line (start -1.33 20.38) (end 1.33 20.38) (layer B.SilkS) (width 0.12))
    (fp_line (start -1.33 -20.38) (end 1.33 -20.38) (layer B.SilkS) (width 0.12))
    (fp_line (start 1.33 20.38) (end 1.33 17.27) (layer B.SilkS) (width 0.12))
    (fp_line (start -1.33 19.81) (end -2.85 19.81) (layer B.SilkS) (width 0.12))
    (fp_line (start -1.33 20.38) (end -1.33 19.81) (layer B.SilkS) (width 0.12))
    (fp_line (start 1.33 -19.81) (end 1.33 -20.38) (layer B.SilkS) (width 0.12))
    (fp_line (start 1.33 15.75) (end 1.33 12.19) (layer B.SilkS) (width 0.12))
    (fp_line (start 1.33 10.67) (end 1.33 7.11) (layer B.SilkS) (width 0.12))
    (fp_line (start 1.33 5.59) (end 1.33 2.03) (layer B.SilkS) (width 0.12))
    (fp_line (start 1.33 0.51) (end 1.33 -3.05) (layer B.SilkS) (width 0.12))
    (fp_line (start 1.33 -4.57) (end 1.33 -8.13) (layer B.SilkS) (width 0.12))
    (fp_line (start 1.33 -9.65) (end 1.33 -13.21) (layer B.SilkS) (width 0.12))
    (fp_line (start 1.33 -14.73) (end 1.33 -18.29) (layer B.SilkS) (width 0.12))
    (fp_line (start -1.33 18.29) (end -1.33 14.73) (layer B.SilkS) (width 0.12))
    (fp_line (start -1.33 13.21) (end -1.33 9.65) (layer B.SilkS) (width 0.12))
    (fp_line (start -1.33 8.13) (end -1.33 4.57) (layer B.SilkS) (width 0.12))
    (fp_line (start -1.33 3.05) (end -1.33 -0.51) (layer B.SilkS) (width 0.12))
    (fp_line (start -1.33 -2.03) (end -1.33 -5.59) (layer B.SilkS) (width 0.12))
    (fp_line (start -1.33 -7.11) (end -1.33 -10.67) (layer B.SilkS) (width 0.12))
    (fp_line (start -1.33 -12.19) (end -1.33 -15.75) (layer B.SilkS) (width 0.12))
    (fp_line (start -1.33 -17.27) (end -1.33 -20.38) (layer B.SilkS) (width 0.12))
    (fp_line (start -3.45 20.85) (end -3.45 -20.85) (layer B.CrtYd) (width 0.05))
    (fp_line (start -3.45 -20.85) (end 3.45 -20.85) (layer B.CrtYd) (width 0.05))
    (fp_line (start 3.45 -20.85) (end 3.45 20.85) (layer B.CrtYd) (width 0.05))
    (fp_line (start 3.45 20.85) (end -3.45 20.85) (layer B.CrtYd) (width 0.05))
    (fp_text user %R (at 0 0 -90) (layer B.Fab)
      (effects (font (size 1 1) (thickness 0.15)) (justify mirror))
    )
    (pad 1 smd rect (at -1.655 19.05) (size 2.51 1) (layers B.Cu B.Paste B.Mask)
      (net 38 "Net-(J00-Pad1)"))
    (pad 3 smd rect (at -1.655 13.97) (size 2.51 1) (layers B.Cu B.Paste B.Mask)
      (net 39 "Net-(J00-Pad3)"))
    (pad 5 smd rect (at -1.655 8.89) (size 2.51 1) (layers B.Cu B.Paste B.Mask)
      (net 23 LED7))
    (pad 7 smd rect (at -1.655 3.81) (size 2.51 1) (layers B.Cu B.Paste B.Mask)
      (net 21 LED6))
    (pad 9 smd rect (at -1.655 -1.27) (size 2.51 1) (layers B.Cu B.Paste B.Mask)
      (net 19 LED5))
    (pad 11 smd rect (at -1.655 -6.35) (size 2.51 1) (layers B.Cu B.Paste B.Mask)
      (net 17 LED4))
    (pad 13 smd rect (at -1.655 -11.43) (size 2.51 1) (layers B.Cu B.Paste B.Mask)
      (net 15 LED3))
    (pad 15 smd rect (at -1.655 -16.51) (size 2.51 1) (layers B.Cu B.Paste B.Mask)
      (net 40 "Net-(J00-Pad15)"))
    (pad 2 smd rect (at 1.655 16.51) (size 2.51 1) (layers B.Cu B.Paste B.Mask)
      (net 3 +3V3))
    (pad 4 smd rect (at 1.655 11.43) (size 2.51 1) (layers B.Cu B.Paste B.Mask)
      (net 2 GND))
    (pad 6 smd rect (at 1.655 6.35) (size 2.51 1) (layers B.Cu B.Paste B.Mask)
      (net 10 SW7))
    (pad 8 smd rect (at 1.655 1.27) (size 2.51 1) (layers B.Cu B.Paste B.Mask)
      (net 9 SW6))
    (pad 10 smd rect (at 1.655 -3.81) (size 2.51 1) (layers B.Cu B.Paste B.Mask)
      (net 8 SW5))
    (pad 12 smd rect (at 1.655 -8.89) (size 2.51 1) (layers B.Cu B.Paste B.Mask)
      (net 7 SW4))
    (pad 14 smd rect (at 1.655 -13.97) (size 2.51 1) (layers B.Cu B.Paste B.Mask)
      (net 6 SW3))
    (pad 16 smd rect (at 1.655 -19.05) (size 2.51 1) (layers B.Cu B.Paste B.Mask)
      (net 41 "Net-(J00-Pad16)"))
    (model ${KISYS3DMOD}/Connector_PinHeader_2.54mm.3dshapes/PinHeader_1x16_P2.54mm_Vertical_SMD_Pin1Left.wrl
      (at (xyz 0 0 0))
      (scale (xyz 1 1 1))
      (rotate (xyz 0 0 0))
    )
  )

  (module Capacitor_SMD:C_0603_1608Metric (layer B.Cu) (tedit 5B301BBE) (tstamp 5D002183)
    (at 67.9 58.2)
    (descr "Capacitor SMD 0603 (1608 Metric), square (rectangular) end terminal, IPC_7351 nominal, (Body size source: http://www.tortai-tech.com/upload/download/2011102023233369053.pdf), generated with kicad-footprint-generator")
    (tags capacitor)
    (path /5CDD4ADA)
    (attr smd)
    (fp_text reference C10 (at 3 0) (layer B.SilkS)
      (effects (font (size 1 1) (thickness 0.15)) (justify mirror))
    )
    (fp_text value 100nF (at 0 -1.43) (layer B.Fab)
      (effects (font (size 1 1) (thickness 0.15)) (justify mirror))
    )
    (fp_line (start -0.8 -0.4) (end -0.8 0.4) (layer B.Fab) (width 0.1))
    (fp_line (start -0.8 0.4) (end 0.8 0.4) (layer B.Fab) (width 0.1))
    (fp_line (start 0.8 0.4) (end 0.8 -0.4) (layer B.Fab) (width 0.1))
    (fp_line (start 0.8 -0.4) (end -0.8 -0.4) (layer B.Fab) (width 0.1))
    (fp_line (start -0.162779 0.51) (end 0.162779 0.51) (layer B.SilkS) (width 0.12))
    (fp_line (start -0.162779 -0.51) (end 0.162779 -0.51) (layer B.SilkS) (width 0.12))
    (fp_line (start -1.48 -0.73) (end -1.48 0.73) (layer B.CrtYd) (width 0.05))
    (fp_line (start -1.48 0.73) (end 1.48 0.73) (layer B.CrtYd) (width 0.05))
    (fp_line (start 1.48 0.73) (end 1.48 -0.73) (layer B.CrtYd) (width 0.05))
    (fp_line (start 1.48 -0.73) (end -1.48 -0.73) (layer B.CrtYd) (width 0.05))
    (fp_text user %R (at 0 0) (layer B.Fab)
      (effects (font (size 0.4 0.4) (thickness 0.06)) (justify mirror))
    )
    (pad 1 smd roundrect (at -0.7875 0) (size 0.875 0.95) (layers B.Cu B.Paste B.Mask) (roundrect_rratio 0.25)
      (net 1 SW1))
    (pad 2 smd roundrect (at 0.7875 0) (size 0.875 0.95) (layers B.Cu B.Paste B.Mask) (roundrect_rratio 0.25)
      (net 2 GND))
    (model ${KISYS3DMOD}/Capacitor_SMD.3dshapes/C_0603_1608Metric.wrl
      (at (xyz 0 0 0))
      (scale (xyz 1 1 1))
      (rotate (xyz 0 0 0))
    )
  )

  (module Resistor_SMD:R_0603_1608Metric (layer B.Cu) (tedit 5B301BBD) (tstamp 5D0021E3)
    (at 67.9 56.2 180)
    (descr "Resistor SMD 0603 (1608 Metric), square (rectangular) end terminal, IPC_7351 nominal, (Body size source: http://www.tortai-tech.com/upload/download/2011102023233369053.pdf), generated with kicad-footprint-generator")
    (tags resistor)
    (path /5CDD48EE)
    (attr smd)
    (fp_text reference R10 (at -3 0 180) (layer B.SilkS)
      (effects (font (size 1 1) (thickness 0.15)) (justify mirror))
    )
    (fp_text value 10K (at 0 -1.43 180) (layer B.Fab)
      (effects (font (size 1 1) (thickness 0.15)) (justify mirror))
    )
    (fp_text user %R (at 0 0 180) (layer B.Fab)
      (effects (font (size 0.4 0.4) (thickness 0.06)) (justify mirror))
    )
    (fp_line (start 1.48 -0.73) (end -1.48 -0.73) (layer B.CrtYd) (width 0.05))
    (fp_line (start 1.48 0.73) (end 1.48 -0.73) (layer B.CrtYd) (width 0.05))
    (fp_line (start -1.48 0.73) (end 1.48 0.73) (layer B.CrtYd) (width 0.05))
    (fp_line (start -1.48 -0.73) (end -1.48 0.73) (layer B.CrtYd) (width 0.05))
    (fp_line (start -0.162779 -0.51) (end 0.162779 -0.51) (layer B.SilkS) (width 0.12))
    (fp_line (start -0.162779 0.51) (end 0.162779 0.51) (layer B.SilkS) (width 0.12))
    (fp_line (start 0.8 -0.4) (end -0.8 -0.4) (layer B.Fab) (width 0.1))
    (fp_line (start 0.8 0.4) (end 0.8 -0.4) (layer B.Fab) (width 0.1))
    (fp_line (start -0.8 0.4) (end 0.8 0.4) (layer B.Fab) (width 0.1))
    (fp_line (start -0.8 -0.4) (end -0.8 0.4) (layer B.Fab) (width 0.1))
    (pad 2 smd roundrect (at 0.7875 0 180) (size 0.875 0.95) (layers B.Cu B.Paste B.Mask) (roundrect_rratio 0.25)
      (net 3 +3V3))
    (pad 1 smd roundrect (at -0.7875 0 180) (size 0.875 0.95) (layers B.Cu B.Paste B.Mask) (roundrect_rratio 0.25)
      (net 1 SW1))
    (model ${KISYS3DMOD}/Resistor_SMD.3dshapes/R_0603_1608Metric.wrl
      (at (xyz 0 0 0))
      (scale (xyz 1 1 1))
      (rotate (xyz 0 0 0))
    )
  )

  (module Resistor_SMD:R_0603_1608Metric (layer B.Cu) (tedit 5B301BBD) (tstamp 5D0021B3)
    (at 67.9 60.2)
    (descr "Resistor SMD 0603 (1608 Metric), square (rectangular) end terminal, IPC_7351 nominal, (Body size source: http://www.tortai-tech.com/upload/download/2011102023233369053.pdf), generated with kicad-footprint-generator")
    (tags resistor)
    (path /5CDD1D19)
    (attr smd)
    (fp_text reference R11 (at 3 0) (layer B.SilkS)
      (effects (font (size 1 1) (thickness 0.15)) (justify mirror))
    )
    (fp_text value 82R (at 0 -1.43) (layer B.Fab)
      (effects (font (size 1 1) (thickness 0.15)) (justify mirror))
    )
    (fp_line (start -0.8 -0.4) (end -0.8 0.4) (layer B.Fab) (width 0.1))
    (fp_line (start -0.8 0.4) (end 0.8 0.4) (layer B.Fab) (width 0.1))
    (fp_line (start 0.8 0.4) (end 0.8 -0.4) (layer B.Fab) (width 0.1))
    (fp_line (start 0.8 -0.4) (end -0.8 -0.4) (layer B.Fab) (width 0.1))
    (fp_line (start -0.162779 0.51) (end 0.162779 0.51) (layer B.SilkS) (width 0.12))
    (fp_line (start -0.162779 -0.51) (end 0.162779 -0.51) (layer B.SilkS) (width 0.12))
    (fp_line (start -1.48 -0.73) (end -1.48 0.73) (layer B.CrtYd) (width 0.05))
    (fp_line (start -1.48 0.73) (end 1.48 0.73) (layer B.CrtYd) (width 0.05))
    (fp_line (start 1.48 0.73) (end 1.48 -0.73) (layer B.CrtYd) (width 0.05))
    (fp_line (start 1.48 -0.73) (end -1.48 -0.73) (layer B.CrtYd) (width 0.05))
    (fp_text user %R (at 0 0) (layer B.Fab)
      (effects (font (size 0.4 0.4) (thickness 0.06)) (justify mirror))
    )
    (pad 1 smd roundrect (at -0.7875 0) (size 0.875 0.95) (layers B.Cu B.Paste B.Mask) (roundrect_rratio 0.25)
      (net 4 "Net-(R11-Pad1)"))
    (pad 2 smd roundrect (at 0.7875 0) (size 0.875 0.95) (layers B.Cu B.Paste B.Mask) (roundrect_rratio 0.25)
      (net 11 LED1))
    (model ${KISYS3DMOD}/Resistor_SMD.3dshapes/R_0603_1608Metric.wrl
      (at (xyz 0 0 0))
      (scale (xyz 1 1 1))
      (rotate (xyz 0 0 0))
    )
  )

  (module Capacitor_SMD:C_0603_1608Metric (layer B.Cu) (tedit 5B301BBE) (tstamp 5D0010E9)
    (at 67.9 74.2)
    (descr "Capacitor SMD 0603 (1608 Metric), square (rectangular) end terminal, IPC_7351 nominal, (Body size source: http://www.tortai-tech.com/upload/download/2011102023233369053.pdf), generated with kicad-footprint-generator")
    (tags capacitor)
    (path /5CDDEAF5)
    (attr smd)
    (fp_text reference C20 (at 3 0) (layer B.SilkS)
      (effects (font (size 1 1) (thickness 0.15)) (justify mirror))
    )
    (fp_text value 100nF (at 0 -1.43) (layer B.Fab)
      (effects (font (size 1 1) (thickness 0.15)) (justify mirror))
    )
    (fp_line (start -0.8 -0.4) (end -0.8 0.4) (layer B.Fab) (width 0.1))
    (fp_line (start -0.8 0.4) (end 0.8 0.4) (layer B.Fab) (width 0.1))
    (fp_line (start 0.8 0.4) (end 0.8 -0.4) (layer B.Fab) (width 0.1))
    (fp_line (start 0.8 -0.4) (end -0.8 -0.4) (layer B.Fab) (width 0.1))
    (fp_line (start -0.162779 0.51) (end 0.162779 0.51) (layer B.SilkS) (width 0.12))
    (fp_line (start -0.162779 -0.51) (end 0.162779 -0.51) (layer B.SilkS) (width 0.12))
    (fp_line (start -1.48 -0.73) (end -1.48 0.73) (layer B.CrtYd) (width 0.05))
    (fp_line (start -1.48 0.73) (end 1.48 0.73) (layer B.CrtYd) (width 0.05))
    (fp_line (start 1.48 0.73) (end 1.48 -0.73) (layer B.CrtYd) (width 0.05))
    (fp_line (start 1.48 -0.73) (end -1.48 -0.73) (layer B.CrtYd) (width 0.05))
    (fp_text user %R (at 0 0) (layer B.Fab)
      (effects (font (size 0.4 0.4) (thickness 0.06)) (justify mirror))
    )
    (pad 1 smd roundrect (at -0.7875 0) (size 0.875 0.95) (layers B.Cu B.Paste B.Mask) (roundrect_rratio 0.25)
      (net 5 SW2))
    (pad 2 smd roundrect (at 0.7875 0) (size 0.875 0.95) (layers B.Cu B.Paste B.Mask) (roundrect_rratio 0.25)
      (net 2 GND))
    (model ${KISYS3DMOD}/Capacitor_SMD.3dshapes/C_0603_1608Metric.wrl
      (at (xyz 0 0 0))
      (scale (xyz 1 1 1))
      (rotate (xyz 0 0 0))
    )
  )

  (module Capacitor_SMD:C_0603_1608Metric (layer B.Cu) (tedit 5B301BBE) (tstamp 5D0010FA)
    (at 67.9 90.2)
    (descr "Capacitor SMD 0603 (1608 Metric), square (rectangular) end terminal, IPC_7351 nominal, (Body size source: http://www.tortai-tech.com/upload/download/2011102023233369053.pdf), generated with kicad-footprint-generator")
    (tags capacitor)
    (path /5CDDF1E7)
    (attr smd)
    (fp_text reference C30 (at 3 0) (layer B.SilkS)
      (effects (font (size 1 1) (thickness 0.15)) (justify mirror))
    )
    (fp_text value 100nF (at 0 -1.43) (layer B.Fab)
      (effects (font (size 1 1) (thickness 0.15)) (justify mirror))
    )
    (fp_text user %R (at 0 0) (layer B.Fab)
      (effects (font (size 0.4 0.4) (thickness 0.06)) (justify mirror))
    )
    (fp_line (start 1.48 -0.73) (end -1.48 -0.73) (layer B.CrtYd) (width 0.05))
    (fp_line (start 1.48 0.73) (end 1.48 -0.73) (layer B.CrtYd) (width 0.05))
    (fp_line (start -1.48 0.73) (end 1.48 0.73) (layer B.CrtYd) (width 0.05))
    (fp_line (start -1.48 -0.73) (end -1.48 0.73) (layer B.CrtYd) (width 0.05))
    (fp_line (start -0.162779 -0.51) (end 0.162779 -0.51) (layer B.SilkS) (width 0.12))
    (fp_line (start -0.162779 0.51) (end 0.162779 0.51) (layer B.SilkS) (width 0.12))
    (fp_line (start 0.8 -0.4) (end -0.8 -0.4) (layer B.Fab) (width 0.1))
    (fp_line (start 0.8 0.4) (end 0.8 -0.4) (layer B.Fab) (width 0.1))
    (fp_line (start -0.8 0.4) (end 0.8 0.4) (layer B.Fab) (width 0.1))
    (fp_line (start -0.8 -0.4) (end -0.8 0.4) (layer B.Fab) (width 0.1))
    (pad 2 smd roundrect (at 0.7875 0) (size 0.875 0.95) (layers B.Cu B.Paste B.Mask) (roundrect_rratio 0.25)
      (net 2 GND))
    (pad 1 smd roundrect (at -0.7875 0) (size 0.875 0.95) (layers B.Cu B.Paste B.Mask) (roundrect_rratio 0.25)
      (net 6 SW3))
    (model ${KISYS3DMOD}/Capacitor_SMD.3dshapes/C_0603_1608Metric.wrl
      (at (xyz 0 0 0))
      (scale (xyz 1 1 1))
      (rotate (xyz 0 0 0))
    )
  )

  (module Capacitor_SMD:C_0603_1608Metric (layer B.Cu) (tedit 5B301BBE) (tstamp 5D00110B)
    (at 67.9 106.2)
    (descr "Capacitor SMD 0603 (1608 Metric), square (rectangular) end terminal, IPC_7351 nominal, (Body size source: http://www.tortai-tech.com/upload/download/2011102023233369053.pdf), generated with kicad-footprint-generator")
    (tags capacitor)
    (path /5CDDF223)
    (attr smd)
    (fp_text reference C40 (at 3 0) (layer B.SilkS)
      (effects (font (size 1 1) (thickness 0.15)) (justify mirror))
    )
    (fp_text value 100nF (at 0 -1.43) (layer B.Fab)
      (effects (font (size 1 1) (thickness 0.15)) (justify mirror))
    )
    (fp_line (start -0.8 -0.4) (end -0.8 0.4) (layer B.Fab) (width 0.1))
    (fp_line (start -0.8 0.4) (end 0.8 0.4) (layer B.Fab) (width 0.1))
    (fp_line (start 0.8 0.4) (end 0.8 -0.4) (layer B.Fab) (width 0.1))
    (fp_line (start 0.8 -0.4) (end -0.8 -0.4) (layer B.Fab) (width 0.1))
    (fp_line (start -0.162779 0.51) (end 0.162779 0.51) (layer B.SilkS) (width 0.12))
    (fp_line (start -0.162779 -0.51) (end 0.162779 -0.51) (layer B.SilkS) (width 0.12))
    (fp_line (start -1.48 -0.73) (end -1.48 0.73) (layer B.CrtYd) (width 0.05))
    (fp_line (start -1.48 0.73) (end 1.48 0.73) (layer B.CrtYd) (width 0.05))
    (fp_line (start 1.48 0.73) (end 1.48 -0.73) (layer B.CrtYd) (width 0.05))
    (fp_line (start 1.48 -0.73) (end -1.48 -0.73) (layer B.CrtYd) (width 0.05))
    (fp_text user %R (at 0 0) (layer B.Fab)
      (effects (font (size 0.4 0.4) (thickness 0.06)) (justify mirror))
    )
    (pad 1 smd roundrect (at -0.7875 0) (size 0.875 0.95) (layers B.Cu B.Paste B.Mask) (roundrect_rratio 0.25)
      (net 7 SW4))
    (pad 2 smd roundrect (at 0.7875 0) (size 0.875 0.95) (layers B.Cu B.Paste B.Mask) (roundrect_rratio 0.25)
      (net 2 GND))
    (model ${KISYS3DMOD}/Capacitor_SMD.3dshapes/C_0603_1608Metric.wrl
      (at (xyz 0 0 0))
      (scale (xyz 1 1 1))
      (rotate (xyz 0 0 0))
    )
  )

  (module Capacitor_SMD:C_0603_1608Metric (layer B.Cu) (tedit 5B301BBE) (tstamp 5D00111C)
    (at 67.9 122.2)
    (descr "Capacitor SMD 0603 (1608 Metric), square (rectangular) end terminal, IPC_7351 nominal, (Body size source: http://www.tortai-tech.com/upload/download/2011102023233369053.pdf), generated with kicad-footprint-generator")
    (tags capacitor)
    (path /5CDE0D5A)
    (attr smd)
    (fp_text reference C50 (at 3 0) (layer B.SilkS)
      (effects (font (size 1 1) (thickness 0.15)) (justify mirror))
    )
    (fp_text value 100nF (at 0 -1.43) (layer B.Fab)
      (effects (font (size 1 1) (thickness 0.15)) (justify mirror))
    )
    (fp_text user %R (at 0 0) (layer B.Fab)
      (effects (font (size 0.4 0.4) (thickness 0.06)) (justify mirror))
    )
    (fp_line (start 1.48 -0.73) (end -1.48 -0.73) (layer B.CrtYd) (width 0.05))
    (fp_line (start 1.48 0.73) (end 1.48 -0.73) (layer B.CrtYd) (width 0.05))
    (fp_line (start -1.48 0.73) (end 1.48 0.73) (layer B.CrtYd) (width 0.05))
    (fp_line (start -1.48 -0.73) (end -1.48 0.73) (layer B.CrtYd) (width 0.05))
    (fp_line (start -0.162779 -0.51) (end 0.162779 -0.51) (layer B.SilkS) (width 0.12))
    (fp_line (start -0.162779 0.51) (end 0.162779 0.51) (layer B.SilkS) (width 0.12))
    (fp_line (start 0.8 -0.4) (end -0.8 -0.4) (layer B.Fab) (width 0.1))
    (fp_line (start 0.8 0.4) (end 0.8 -0.4) (layer B.Fab) (width 0.1))
    (fp_line (start -0.8 0.4) (end 0.8 0.4) (layer B.Fab) (width 0.1))
    (fp_line (start -0.8 -0.4) (end -0.8 0.4) (layer B.Fab) (width 0.1))
    (pad 2 smd roundrect (at 0.7875 0) (size 0.875 0.95) (layers B.Cu B.Paste B.Mask) (roundrect_rratio 0.25)
      (net 2 GND))
    (pad 1 smd roundrect (at -0.7875 0) (size 0.875 0.95) (layers B.Cu B.Paste B.Mask) (roundrect_rratio 0.25)
      (net 8 SW5))
    (model ${KISYS3DMOD}/Capacitor_SMD.3dshapes/C_0603_1608Metric.wrl
      (at (xyz 0 0 0))
      (scale (xyz 1 1 1))
      (rotate (xyz 0 0 0))
    )
  )

  (module Capacitor_SMD:C_0603_1608Metric (layer B.Cu) (tedit 5B301BBE) (tstamp 5D00112D)
    (at 67.9 138.2)
    (descr "Capacitor SMD 0603 (1608 Metric), square (rectangular) end terminal, IPC_7351 nominal, (Body size source: http://www.tortai-tech.com/upload/download/2011102023233369053.pdf), generated with kicad-footprint-generator")
    (tags capacitor)
    (path /5CDE0D96)
    (attr smd)
    (fp_text reference C60 (at 3 0) (layer B.SilkS)
      (effects (font (size 1 1) (thickness 0.15)) (justify mirror))
    )
    (fp_text value 100nF (at 0 -1.43) (layer B.Fab)
      (effects (font (size 1 1) (thickness 0.15)) (justify mirror))
    )
    (fp_line (start -0.8 -0.4) (end -0.8 0.4) (layer B.Fab) (width 0.1))
    (fp_line (start -0.8 0.4) (end 0.8 0.4) (layer B.Fab) (width 0.1))
    (fp_line (start 0.8 0.4) (end 0.8 -0.4) (layer B.Fab) (width 0.1))
    (fp_line (start 0.8 -0.4) (end -0.8 -0.4) (layer B.Fab) (width 0.1))
    (fp_line (start -0.162779 0.51) (end 0.162779 0.51) (layer B.SilkS) (width 0.12))
    (fp_line (start -0.162779 -0.51) (end 0.162779 -0.51) (layer B.SilkS) (width 0.12))
    (fp_line (start -1.48 -0.73) (end -1.48 0.73) (layer B.CrtYd) (width 0.05))
    (fp_line (start -1.48 0.73) (end 1.48 0.73) (layer B.CrtYd) (width 0.05))
    (fp_line (start 1.48 0.73) (end 1.48 -0.73) (layer B.CrtYd) (width 0.05))
    (fp_line (start 1.48 -0.73) (end -1.48 -0.73) (layer B.CrtYd) (width 0.05))
    (fp_text user %R (at 0 0) (layer B.Fab)
      (effects (font (size 0.4 0.4) (thickness 0.06)) (justify mirror))
    )
    (pad 1 smd roundrect (at -0.7875 0) (size 0.875 0.95) (layers B.Cu B.Paste B.Mask) (roundrect_rratio 0.25)
      (net 9 SW6))
    (pad 2 smd roundrect (at 0.7875 0) (size 0.875 0.95) (layers B.Cu B.Paste B.Mask) (roundrect_rratio 0.25)
      (net 2 GND))
    (model ${KISYS3DMOD}/Capacitor_SMD.3dshapes/C_0603_1608Metric.wrl
      (at (xyz 0 0 0))
      (scale (xyz 1 1 1))
      (rotate (xyz 0 0 0))
    )
  )

  (module Capacitor_SMD:C_0603_1608Metric (layer B.Cu) (tedit 5B301BBE) (tstamp 5D00113E)
    (at 67.9 154.2)
    (descr "Capacitor SMD 0603 (1608 Metric), square (rectangular) end terminal, IPC_7351 nominal, (Body size source: http://www.tortai-tech.com/upload/download/2011102023233369053.pdf), generated with kicad-footprint-generator")
    (tags capacitor)
    (path /5CDE0DD2)
    (attr smd)
    (fp_text reference C70 (at 3 0) (layer B.SilkS)
      (effects (font (size 1 1) (thickness 0.15)) (justify mirror))
    )
    (fp_text value 100nF (at 0 -1.43) (layer B.Fab)
      (effects (font (size 1 1) (thickness 0.15)) (justify mirror))
    )
    (fp_text user %R (at 0 0) (layer B.Fab)
      (effects (font (size 0.4 0.4) (thickness 0.06)) (justify mirror))
    )
    (fp_line (start 1.48 -0.73) (end -1.48 -0.73) (layer B.CrtYd) (width 0.05))
    (fp_line (start 1.48 0.73) (end 1.48 -0.73) (layer B.CrtYd) (width 0.05))
    (fp_line (start -1.48 0.73) (end 1.48 0.73) (layer B.CrtYd) (width 0.05))
    (fp_line (start -1.48 -0.73) (end -1.48 0.73) (layer B.CrtYd) (width 0.05))
    (fp_line (start -0.162779 -0.51) (end 0.162779 -0.51) (layer B.SilkS) (width 0.12))
    (fp_line (start -0.162779 0.51) (end 0.162779 0.51) (layer B.SilkS) (width 0.12))
    (fp_line (start 0.8 -0.4) (end -0.8 -0.4) (layer B.Fab) (width 0.1))
    (fp_line (start 0.8 0.4) (end 0.8 -0.4) (layer B.Fab) (width 0.1))
    (fp_line (start -0.8 0.4) (end 0.8 0.4) (layer B.Fab) (width 0.1))
    (fp_line (start -0.8 -0.4) (end -0.8 0.4) (layer B.Fab) (width 0.1))
    (pad 2 smd roundrect (at 0.7875 0) (size 0.875 0.95) (layers B.Cu B.Paste B.Mask) (roundrect_rratio 0.25)
      (net 2 GND))
    (pad 1 smd roundrect (at -0.7875 0) (size 0.875 0.95) (layers B.Cu B.Paste B.Mask) (roundrect_rratio 0.25)
      (net 10 SW7))
    (model ${KISYS3DMOD}/Capacitor_SMD.3dshapes/C_0603_1608Metric.wrl
      (at (xyz 0 0 0))
      (scale (xyz 1 1 1))
      (rotate (xyz 0 0 0))
    )
  )

  (module Resistor_SMD:R_0603_1608Metric (layer B.Cu) (tedit 5B301BBD) (tstamp 5D00114F)
    (at 67.9 72.2 180)
    (descr "Resistor SMD 0603 (1608 Metric), square (rectangular) end terminal, IPC_7351 nominal, (Body size source: http://www.tortai-tech.com/upload/download/2011102023233369053.pdf), generated with kicad-footprint-generator")
    (tags resistor)
    (path /5CDDEAEE)
    (attr smd)
    (fp_text reference R20 (at -3 0 180) (layer B.SilkS)
      (effects (font (size 1 1) (thickness 0.15)) (justify mirror))
    )
    (fp_text value 10K (at 0 -1.43 180) (layer B.Fab)
      (effects (font (size 1 1) (thickness 0.15)) (justify mirror))
    )
    (fp_text user %R (at 0 0 180) (layer B.Fab)
      (effects (font (size 0.4 0.4) (thickness 0.06)) (justify mirror))
    )
    (fp_line (start 1.48 -0.73) (end -1.48 -0.73) (layer B.CrtYd) (width 0.05))
    (fp_line (start 1.48 0.73) (end 1.48 -0.73) (layer B.CrtYd) (width 0.05))
    (fp_line (start -1.48 0.73) (end 1.48 0.73) (layer B.CrtYd) (width 0.05))
    (fp_line (start -1.48 -0.73) (end -1.48 0.73) (layer B.CrtYd) (width 0.05))
    (fp_line (start -0.162779 -0.51) (end 0.162779 -0.51) (layer B.SilkS) (width 0.12))
    (fp_line (start -0.162779 0.51) (end 0.162779 0.51) (layer B.SilkS) (width 0.12))
    (fp_line (start 0.8 -0.4) (end -0.8 -0.4) (layer B.Fab) (width 0.1))
    (fp_line (start 0.8 0.4) (end 0.8 -0.4) (layer B.Fab) (width 0.1))
    (fp_line (start -0.8 0.4) (end 0.8 0.4) (layer B.Fab) (width 0.1))
    (fp_line (start -0.8 -0.4) (end -0.8 0.4) (layer B.Fab) (width 0.1))
    (pad 2 smd roundrect (at 0.7875 0 180) (size 0.875 0.95) (layers B.Cu B.Paste B.Mask) (roundrect_rratio 0.25)
      (net 3 +3V3))
    (pad 1 smd roundrect (at -0.7875 0 180) (size 0.875 0.95) (layers B.Cu B.Paste B.Mask) (roundrect_rratio 0.25)
      (net 5 SW2))
    (model ${KISYS3DMOD}/Resistor_SMD.3dshapes/R_0603_1608Metric.wrl
      (at (xyz 0 0 0))
      (scale (xyz 1 1 1))
      (rotate (xyz 0 0 0))
    )
  )

  (module Resistor_SMD:R_0603_1608Metric (layer B.Cu) (tedit 5B301BBD) (tstamp 5D003546)
    (at 67.9 76.2)
    (descr "Resistor SMD 0603 (1608 Metric), square (rectangular) end terminal, IPC_7351 nominal, (Body size source: http://www.tortai-tech.com/upload/download/2011102023233369053.pdf), generated with kicad-footprint-generator")
    (tags resistor)
    (path /5CDDEADE)
    (attr smd)
    (fp_text reference R21 (at 3 0) (layer B.SilkS)
      (effects (font (size 1 1) (thickness 0.15)) (justify mirror))
    )
    (fp_text value 82R (at 0 -1.43) (layer B.Fab)
      (effects (font (size 1 1) (thickness 0.15)) (justify mirror))
    )
    (fp_line (start -0.8 -0.4) (end -0.8 0.4) (layer B.Fab) (width 0.1))
    (fp_line (start -0.8 0.4) (end 0.8 0.4) (layer B.Fab) (width 0.1))
    (fp_line (start 0.8 0.4) (end 0.8 -0.4) (layer B.Fab) (width 0.1))
    (fp_line (start 0.8 -0.4) (end -0.8 -0.4) (layer B.Fab) (width 0.1))
    (fp_line (start -0.162779 0.51) (end 0.162779 0.51) (layer B.SilkS) (width 0.12))
    (fp_line (start -0.162779 -0.51) (end 0.162779 -0.51) (layer B.SilkS) (width 0.12))
    (fp_line (start -1.48 -0.73) (end -1.48 0.73) (layer B.CrtYd) (width 0.05))
    (fp_line (start -1.48 0.73) (end 1.48 0.73) (layer B.CrtYd) (width 0.05))
    (fp_line (start 1.48 0.73) (end 1.48 -0.73) (layer B.CrtYd) (width 0.05))
    (fp_line (start 1.48 -0.73) (end -1.48 -0.73) (layer B.CrtYd) (width 0.05))
    (fp_text user %R (at 0 0) (layer B.Fab)
      (effects (font (size 0.4 0.4) (thickness 0.06)) (justify mirror))
    )
    (pad 1 smd roundrect (at -0.7875 0) (size 0.875 0.95) (layers B.Cu B.Paste B.Mask) (roundrect_rratio 0.25)
      (net 12 "Net-(R21-Pad1)"))
    (pad 2 smd roundrect (at 0.7875 0) (size 0.875 0.95) (layers B.Cu B.Paste B.Mask) (roundrect_rratio 0.25)
      (net 13 LED2))
    (model ${KISYS3DMOD}/Resistor_SMD.3dshapes/R_0603_1608Metric.wrl
      (at (xyz 0 0 0))
      (scale (xyz 1 1 1))
      (rotate (xyz 0 0 0))
    )
  )

  (module Resistor_SMD:R_0603_1608Metric (layer B.Cu) (tedit 5B301BBD) (tstamp 5D001171)
    (at 67.9 88.2 180)
    (descr "Resistor SMD 0603 (1608 Metric), square (rectangular) end terminal, IPC_7351 nominal, (Body size source: http://www.tortai-tech.com/upload/download/2011102023233369053.pdf), generated with kicad-footprint-generator")
    (tags resistor)
    (path /5CDDF1E0)
    (attr smd)
    (fp_text reference R30 (at -3 0 180) (layer B.SilkS)
      (effects (font (size 1 1) (thickness 0.15)) (justify mirror))
    )
    (fp_text value 10K (at 0 -1.43 180) (layer B.Fab)
      (effects (font (size 1 1) (thickness 0.15)) (justify mirror))
    )
    (fp_text user %R (at 0 0.3 180) (layer B.Fab)
      (effects (font (size 0.4 0.4) (thickness 0.06)) (justify mirror))
    )
    (fp_line (start 1.48 -0.73) (end -1.48 -0.73) (layer B.CrtYd) (width 0.05))
    (fp_line (start 1.48 0.73) (end 1.48 -0.73) (layer B.CrtYd) (width 0.05))
    (fp_line (start -1.48 0.73) (end 1.48 0.73) (layer B.CrtYd) (width 0.05))
    (fp_line (start -1.48 -0.73) (end -1.48 0.73) (layer B.CrtYd) (width 0.05))
    (fp_line (start -0.162779 -0.51) (end 0.162779 -0.51) (layer B.SilkS) (width 0.12))
    (fp_line (start -0.162779 0.51) (end 0.162779 0.51) (layer B.SilkS) (width 0.12))
    (fp_line (start 0.8 -0.4) (end -0.8 -0.4) (layer B.Fab) (width 0.1))
    (fp_line (start 0.8 0.4) (end 0.8 -0.4) (layer B.Fab) (width 0.1))
    (fp_line (start -0.8 0.4) (end 0.8 0.4) (layer B.Fab) (width 0.1))
    (fp_line (start -0.8 -0.4) (end -0.8 0.4) (layer B.Fab) (width 0.1))
    (pad 2 smd roundrect (at 0.7875 0 180) (size 0.875 0.95) (layers B.Cu B.Paste B.Mask) (roundrect_rratio 0.25)
      (net 3 +3V3))
    (pad 1 smd roundrect (at -0.7875 0 180) (size 0.875 0.95) (layers B.Cu B.Paste B.Mask) (roundrect_rratio 0.25)
      (net 6 SW3))
    (model ${KISYS3DMOD}/Resistor_SMD.3dshapes/R_0603_1608Metric.wrl
      (at (xyz 0 0 0))
      (scale (xyz 1 1 1))
      (rotate (xyz 0 0 0))
    )
  )

  (module Resistor_SMD:R_0603_1608Metric (layer B.Cu) (tedit 5B301BBD) (tstamp 5D001182)
    (at 67.9 92.2)
    (descr "Resistor SMD 0603 (1608 Metric), square (rectangular) end terminal, IPC_7351 nominal, (Body size source: http://www.tortai-tech.com/upload/download/2011102023233369053.pdf), generated with kicad-footprint-generator")
    (tags resistor)
    (path /5CDDF1D0)
    (attr smd)
    (fp_text reference R31 (at 3 0) (layer B.SilkS)
      (effects (font (size 1 1) (thickness 0.15)) (justify mirror))
    )
    (fp_text value 82R (at 0 -1.43) (layer B.Fab)
      (effects (font (size 1 1) (thickness 0.15)) (justify mirror))
    )
    (fp_line (start -0.8 -0.4) (end -0.8 0.4) (layer B.Fab) (width 0.1))
    (fp_line (start -0.8 0.4) (end 0.8 0.4) (layer B.Fab) (width 0.1))
    (fp_line (start 0.8 0.4) (end 0.8 -0.4) (layer B.Fab) (width 0.1))
    (fp_line (start 0.8 -0.4) (end -0.8 -0.4) (layer B.Fab) (width 0.1))
    (fp_line (start -0.162779 0.51) (end 0.162779 0.51) (layer B.SilkS) (width 0.12))
    (fp_line (start -0.162779 -0.51) (end 0.162779 -0.51) (layer B.SilkS) (width 0.12))
    (fp_line (start -1.48 -0.73) (end -1.48 0.73) (layer B.CrtYd) (width 0.05))
    (fp_line (start -1.48 0.73) (end 1.48 0.73) (layer B.CrtYd) (width 0.05))
    (fp_line (start 1.48 0.73) (end 1.48 -0.73) (layer B.CrtYd) (width 0.05))
    (fp_line (start 1.48 -0.73) (end -1.48 -0.73) (layer B.CrtYd) (width 0.05))
    (fp_text user %R (at 0 0) (layer B.Fab)
      (effects (font (size 0.4 0.4) (thickness 0.06)) (justify mirror))
    )
    (pad 1 smd roundrect (at -0.7875 0) (size 0.875 0.95) (layers B.Cu B.Paste B.Mask) (roundrect_rratio 0.25)
      (net 14 "Net-(R31-Pad1)"))
    (pad 2 smd roundrect (at 0.7875 0) (size 0.875 0.95) (layers B.Cu B.Paste B.Mask) (roundrect_rratio 0.25)
      (net 15 LED3))
    (model ${KISYS3DMOD}/Resistor_SMD.3dshapes/R_0603_1608Metric.wrl
      (at (xyz 0 0 0))
      (scale (xyz 1 1 1))
      (rotate (xyz 0 0 0))
    )
  )

  (module Resistor_SMD:R_0603_1608Metric (layer B.Cu) (tedit 5B301BBD) (tstamp 5D001193)
    (at 67.9 104.2 180)
    (descr "Resistor SMD 0603 (1608 Metric), square (rectangular) end terminal, IPC_7351 nominal, (Body size source: http://www.tortai-tech.com/upload/download/2011102023233369053.pdf), generated with kicad-footprint-generator")
    (tags resistor)
    (path /5CDDF21C)
    (attr smd)
    (fp_text reference R40 (at -3 0 180) (layer B.SilkS)
      (effects (font (size 1 1) (thickness 0.15)) (justify mirror))
    )
